0.35039668316960465
-0.04438906430920267
-0.41308840594937263
-1.1547100299749984
-1.28145477797023
-0.6716426686809611
-0.23329644566132737
-0.15229209782486897
-0.2881855104415901
-0.034764081404772135
0.7930782279688844
0.9539524726574068
0.5749470445155226
0.2833504505637289
-0.6522155338050556
-1.0205385228535837
0.12110986798602696
0.40206765811482
-0.042536408910781115
0.7141685773298354
0.9403807120851095
0.20336018668582762
-0.22051089229552523
-0.4585424278042495
-0.28264920304955243
-0.31299361500163403
-0.317854502600997
-0.10754277197806085
0.16576720039319082
0.7320863136466207
0.7540234438301672
0.526483359763431
0.33525226186979945
0.0797399228834712
0.12433883225621117
0.4050332235713833
0.033897236701193004
-0.9134522734802799
-1.1582503325987088
-0.7885603411538636
-0.4440739996390828
-0.40610769984916867
-0.20475216005141716
0.059539000903985506
-0.3494777362154155
-0.6853930235565824
-0.46236068371811523
-0.0682591045041819
0.16829582797124382
0.0512523823226021
-0.15340345443257472
-0.06166652220651929
0.5863105605614061
0.8165395821124652
0.2434997903970343
0.05512523710511949
-0.10781741120726608
-0.6251689180833214
-0.23562873582091384
0.6644164900156884
0.475356152579069
-0.6688520366398972
-1.219864118195937
-0.90679422193401
-0.5890690525114264
0.2288998336808073
0.7285571950873122
0.1175494622091649
-0.27667989341493265
0.46159371393931536
1.2496301763542335
0.8802616824371701
-0.05398622653797072
-0.6694184250011004
-0.7091763227967769
-0.4412304940467058
-0.14038841417110876
-0.3759465054967174
-0.8228897928561494
-0.516998938436507
0.0034338454414922226
0.19041037387626422
0.4350038799798961
0.39663723549284047
0.07181372187682503
0.3932579255231627
0.5665812707101483
-0.035898440351980254
-0.10261855017202043
-0.0942849188967095
-0.7293934280395362
-1.074097901601668
-0.8842199782669621
-0.9879657400981892
-0.707854908108402
0.8959142804214208
1.3755164964844875
0.46003662023331393
0.3758060424220384
0.5199783799392466
0.18089187215014046
-0.007864859248797852
0.4035351649048177
0.6963605287529618
0.4164601264222768
0.18984125989112746
-0.03168138920915345
-0.1736011252466589
-0.2256589052164659
-0.19814805450917342
-0.3008602946220568
-1.0414136294765268
-1.0987468005203789
-0.10870708099758947
0.3502644068752742
-0.053512288632743404
-0.09430129806181589
0.5505370464645417
0.4738637614078071
-0.026927724190638283
0.17386117927412303
0.327555737200569
-0.16091255123981496
-0.4498960979973193
-0.40884463574753627
-0.0714336826572066
0.5006275743787771
0.09624294172980163
-0.4677146333598394
-0.3526734980438405
-0.6417789408796848
-0.9716772782484937
-0.8238351008245878
-0.572750305551555
0.027598573053806585
0.34213715792020283
-0.12635718837899468
-0.4077361025808779
0.12144081108680058
1.0112241269168023
1.1510317321588912
0.321422149811906
-0.3366096583564175
0.06227299642112219
0.5871198087676485
0.586195632310568
0.7969546579029405
0.5775672791561246
-0.20772648494338553
-0.3806818761797096
0.5955008439145588
-1.5515941950316332
-0.7337658563697036
0.7678583450752792
-0.6207704037116486
1.0141851131082382
1.0144211581384224
-0.3014155671904378
1.2959095059404446
-0.49067525328755046
-1.1703757176963183
0.8163764787668852
-1.0431130051876487
-0.6639144104369122
0.4975985658788705
-0.7861489947656233
0.7010600257140054
0.1958299589001949
-1.0267655866901506
0.565016947858183
-0.6603690934071391
-0.400544086509176
0.716832109141301
-1.534037834922195
-0.10410665676911388
1.0713407159313002
-0.3223173989203908
1.101279708437106
0.08570218106135266
-1.0467802791598122
0.3519030351319986
-1.2249658805381496
-0.6907837160070551
0.7957046711666674
-0.8012074497271277
0.6989838607205789
1.2521550869638562
-0.46142689552117533
1.2675248535620698
0.7584030575327696
-0.14284659766127394
1.8056923728968146
-0.07036984604484148
-0.3577327015561942
1.2824116933975147
-0.30526710215587927
0.569618726572711
0.15414828472178171
-2.2447604518431596
-0.4090788572557267
-0.749390021866577
-1.8366789983639975
0.09795658989696199
-0.9802207048311673
-0.5438290767030873
1.0879324994552944
-0.6095844956209637
0.08088880567440082
-0.09346959902570784
-1.4610481569483358
0.8279425896680596
0.15157048204502532
-1.1936647748908773
0.5189634092300284
-0.44408074389177965
0.05513720009939313
-0.29983107569725637
-0.9148106774347055
-1.6208787787117105
-1.0706852375692437
-0.017947944825439793
-0.34168603829137834
-1.0934355849875195
-0.24557410170139848
0.38045885320468564
0.004672960614363952
0.03349996627879298
-0.1785436820007162
-0.042559587497237705
0.47760349401716684
-0.25384493473911757
-1.4524731555814778
-1.3439808757290734
-0.5086464611457115
0.19778569122656992
0.5149138949276364
-0.3472846332623163
-1.2345613396711772
-0.569898970637019
0.8472774612932642
1.8193186083580097
1.5305398960638157
-0.10978565537164198
0.6522935028380081
-1.283076032839374
-1.090575998533257
1.4258726630468068
-0.01538122878921322
0.3636162876957352
0.6153602634668731
-1.7179054776075984
-0.3198487581841447
-0.4027467755851285
-1.920074899155349
0.271079562675815
0.1753453034033319
-0.40749542776042713
0.8346740267313411
-0.2283037188505604
0.5002458210138638
0.31622499936105253
-0.42947432409158826
-0.9486657006553805
-0.05580029162509903
-0.31490093546277614
-0.9905525728289265
-0.4331871918182972
-0.19692291813534685
0.22914385848649876
0.8569186831725609
0.3545980820560202
-0.043556100425910044
0.5207649091061639
0.10905054423468746
-0.8598094000205861
-0.7140766531327045
-0.12093921096241178
-0.06532439598608764
-0.6954173282705884
-1.0725565311397385
-1.1034785974494792
-1.0776828830311846
-0.5605571143665691
-0.1149169716172761
-0.26447755008241486
0.08885693826136468
-0.7501027111285617
0.6662939224385129
-0.9902046461565808
-0.5478586074826812
1.675777477958289
-0.3366737336275252
0.3439336412769781
1.649368914369508
0.464919653785564
1.531612507599713
0.08349977520984886
-1.050294898789075
1.3919435437653993
0.04526085716608669
-0.5547993761495069
0.3573084486485152
-1.3400490995771281
0.5027590699505169
1.3105564468141824
0.5539514594809174
0.6751107180753539
0.2991426342052952
0.20899930161729194
-0.12302833271487436
-0.8910112489646149
0.07930086249705692
0.9371224225673684
0.20914308058504066
-0.584589578784024
-0.9178818403547386
-0.6163152392222975
-0.08773241126327973
0.8642295447848612
1.3144431413533832
0.4727745625388208
0.420079137818294
0.8000415431087413
0.8324071190921309
0.7596537620271471
-0.05555364171097993
-0.38252963300387455
0.03419018389608616
-0.21344401552304582
0.13215858656329477
0.8543482205559376
-0.07251305521998375
-0.8457492264239572
-0.4991893934735143
-0.767115136898707
-1.3033351660762253
-0.4544481446748181
1.3860092345460435
1.98807090708184
0.9429471280710073
-0.4887764430007824
-1.240363715322803
-0.3738973836679887
0.7539000600458364
0.3982368089786517
-0.5947907097124497
-0.40790376677920687
0.8823869080284557
1.5820463032288856
1.4984343696532763
0.9239859561946464
0.4877686440867888
0.8479659559435082
0.5337176792702109
-0.003563051714738308
0.3815090162972898
0.4039796406253882
-0.019214246608810708
0.009725739133137346
0.43221720322879886
0.9046194959626512
1.4976637754246622
1.3115117170622457
0.3811725489116678
0.2770869849938178
0.27789487944556457
0.15923606208957625
0.6171435216929084
0.5922035876530222
-0.14630692660745703
-0.8159223151690298
-0.6613689168167085
-0.33733624913965365
-0.37904876716354474
0.11465749669264441
0.5968239207580299
0.6916652568001482
0.34893968768912953
0.12616447924828694
0.5597994583191483
0.33669069785767053
0.052380501362316034
-0.5602174320299355
-1.0982238926403187
0.08776487544238698
0.7570350032115696
0.8348946376672254
1.1601654488888757
0.7712353198212745
0.08977947146894677
-0.24651279423696235
-0.20022941196297456
-0.5927108288136036
-1.6492044836690944
-1.4472006346000694
-0.14149413992073745
0.15966732489141433
0.035772680635971554
0.11492223990390055
0.46212490047888366
0.5870868483354027
-0.1272053265041491
-0.638393199933635
0.17805257942493913
1.2057831604233753
0.14202143059123762
-1.0912293492300928
-0.0742172936957457
0.5998321560934825
-0.11667798635504684
-0.5249124762001092
-0.6483066554205584
-0.6642813218138627
-0.35475530417878537
0.32471121788012797
1.0242422460794183
1.335644684331321
0.6545546174681875
-0.3769113538471839
-0.4211718192651059
-1.2971490660453502
-0.20470613627475867
1.1972870880517494
0.023466726728043952
0.8031061978250302
-0.39656480126645954
-0.6591126780986747
1.5445927207916261
-0.03292530362888424
-0.07218297371160642
1.0498512978424908
-1.0177633437345444
0.11955346093809499
0.9690368083416716
-0.6729977421918973
0.3282795518792957
-0.6156340108256391
-1.2143952152826083
0.8171232070783534
-0.20736742005449682
0.6510257088920794
1.8376025790441295
-1.2608581056678059
-0.746383673692814
0.2408144217075719
-0.7633987213925377
1.1756278351308462
-0.042832001558064055
-1.4955495811786346
0.713753791849287
-0.6566830807551536
-0.5968233078929417
1.164363754725247
-0.8156016888831839
-0.030875008917158442
0.2808731818831567
-1.4189897345978368
-0.10920613572668025
-1.1371636413212618
-1.1557744586378522
1.1694185254510843
-0.09571419688259608
0.7041334244459957
1.6036616985399064
-0.6682879799395685
-0.0036619655241296734
-0.16963292193011287
-0.7528841947769681
1.6097983317676472
0.31036205390948357
-1.0848594684121424
0.2702923403257953
-0.6695954512054957
0.38017078222406897
1.360769645509434
-0.5128244789094998
0.4872138604094257
-0.15993154526433617
-1.5280022532008415
0.6817405391636091
-0.7188663558416168
-2.1646678230381444
-0.2347954454488015
-0.847122642325417
-0.014481363020802246
0.20974065820962062
-0.1860286690097083
-0.44383768735638146
0.5939422346005054
0.8589205433964797
0.035376658539471056
-0.8086812959597899
-1.0850489312930294
-0.3129671593246442
0.2727929505010084
0.24690112969225703
0.22861428531259162
0.05232664282918375
-0.2865100145075847
-0.4705536254094984
-0.6106022940493949
-0.7545895544556838
-0.5749115497408448
0.03669789733301518
0.40158127082306627
0.21360617708119256
-0.29646831730291345
-0.590541613817942
-0.5195240158683094
-0.7975165205522232
-0.28079389645640374
-0.7688984918314002
1.1276972637335396
-0.19233264257677646
-0.4765221753099482
0.9829261554728738
-1.1614976829527834
-0.7775718691833137
0.6855681229945669
-0.14976822487715746
0.7378718033218497
-0.5483032412338076
-1.9871534839023495
-0.20328422329437157
-1.0224916478632915
-1.1535918644638516
0.0569659775590412
-0.6099341251737016
1.0820557981183323
0.9118624920620213
-1.1885009644168352
0.07556555420413591
-0.958322378480996
-1.4810293922152773
0.852825727173832
-0.933137540582434
-1.3513893800701924
0.6265464269474208
-0.2594272273619743
0.9799385029068871
0.9062760884098414
-1.2743565031972315
0.5217654285604327
-0.20475631508211445
-1.4626178710958253
0.5868099699629368
-0.5019332967540876
-0.8102766228236264
0.08380660205252077
-1.982012493259656
-1.0930247188288205
-0.02955569253239243
-1.0495759044950506
0.3731261435323159
-0.5074492576477789
-0.7580557798009179
1.3460697887335744
-0.4478520193575055
0.3291971525435638
2.0401488591002512
-0.9705511952173057
-0.31069861261327697
0.6538729111063383
-1.0475626278640222
0.3570545727334211
-0.1907985114573054
-1.2391896664301587
0.14134074409614483
-0.8075678854613344
-0.03376063451050257
1.1021085389634193
-0.8957661920583102
0.3927617919255796
0.9275148851957233
-0.7152619489014593
0.024085005958757663
0.2418489228042987
0.6810374064188669
0.6271273190604825
0.07809561330045953
0.090583541993037
0.19694387372021047
-0.07103356828138847
0.1274514542633285
0.7549611770971422
1.3201925794526905
1.0492596791275033
0.5248422373052132
0.670622739817484
0.5335477369695013
-0.09384256399763069
-0.5592166640121516
-0.36032349669241776
-0.2550691722290568
-0.7750467959498865
-0.8792337849592112
-1.1852717262864918
-1.7834878117472812
-0.93845285726104
-0.03640891408554919
0.9713180912365704
-0.6344194697318866
-0.3479160569101989
0.3542338907583725
-1.832598872279425
-0.7297491449871364
-0.010727222711848894
-0.06860271525025208
2.0004780577294174
-0.3125185344571034
-1.4373384981748187
0.8042387616447656
-0.5773664643010821
-0.13854304265524936
1.0932086718091183
0.00576007720505034
0.8645421152769545
-0.33137106400319744
-1.6019818731878768
0.4034204837879732
-0.2741226582733359
-0.19434161616937895
1.5128125322213857
0.1956365213070086
0.5934221458948715
0.4645896399289141
-1.7834917288305707
-0.2964930263333956
0.41527580565639793
-0.2903315997985014
0.3987022467988247
-1.281803164151861
-1.4382119286912083
-0.3367729339859278
-2.042206635185383
-0.7683348384723532
0.548977291277988
-0.19340803825445751
1.6782931922151065
0.75290959325048
-0.5838217188168973
0.7581327841992476
-1.3018847870744534
-1.3619257731867993
0.24346848654814068
-1.6421336357665641
-0.12066253592090649
1.517868368279879
0.3666786876896744
2.1336979082170613
1.4969894050757342
-0.034808341067100734
1.1721193998763846
-0.6763963769704191
-0.4024049456229542
1.7709595510569693
-0.2644651921982757
-0.12315388931755375
-0.04190194297189698
-1.5704260861128445
0.6385045155656152
0.6998326965375279
0.2902350048877038
1.9936623977133467
0.3284866854810393
0.6883530125451371
0.4622716835993194
0.7972802376341801
1.1710747459780353
0.37569235623776864
-0.22094144993257003
-0.22548209692433469
-0.9341889534164809
-1.4962368604449692
-1.1444808080396087
-0.7283873964188179
-0.6392066719461225
-0.5277415708788884
-0.4083507443915629
-0.3281102814640703
-0.4411113473112688
-0.010224132005613534
0.6000732772345866
-0.038488063523625105
-0.40972533796226585
0.5326294952844892
0.92202407162516
0.216030527958837
-0.045026809847896455
0.41626327506946253
0.4473297813575282
-0.37927610574922943
-0.5772512705562666
-0.24215231770538354
-0.7288109128079585
-0.5934082390622979
-0.6800604155691639
-1.2652828786460695
0.21785129671534764
0.9983052846652983
0.3118256003321348
0.41920348390212253
0.03650146580715852
-0.2879290999357646
0.04362852134341713
0.2175662970400125
0.153987095854456
0.013552389958515335
0.06312414615156994
0.29052489302042883
0.40017848820460844
-0.3301583943333237
-0.982882387563334
-0.3331119032445912
0.6079197767026692
0.4138589998785733
-0.4445880232243467
-0.4700132504303972
0.23710181967792315
0.6387916820895984
0.388492436872515
0.23989889558898678
-0.04691651081252622
-0.8770812355369595
-0.8277485187702195
-0.7621606172518977
-1.1959442492830512
-0.3675094830265524
-0.15254023989628918
-0.8924780516526554
-0.6669565633962722
-0.48113327831062214
-0.35868147888591007
-0.3716897821236229
-0.6691799071314973
-0.11017808859617931
0.7261370368326729
0.3650019774899204
-0.22661729712132833
-0.0017151075047880382
-0.22346032295080662
-0.6681191242055688
-0.3885570942144216
0.08115159077171896
0.5614458121759587
0.9191040513285268
0.6780120601884397
0.14594302678988474
-0.2373428835050355
-0.1672292792358077
0.22924134152341552
0.051607366573437244
-0.8133691015946413
-0.7577186512072445
0.05842384807304052
-0.08515760433964825
-0.6652656250963812
-0.6039369827836718
-0.10789038765744521
0.17822824264656867
0.39290262626907235
0.6682716192015146
0.9849944298952522
0.8268285714757466
-0.15680325748743823
-0.5474406808499513
0.20727742820721443
1.0358962634092197
0.9030879586468492
0.202176435739764
-0.178397445058179
-0.12439054753452651
-0.3898051536918966
-0.4615821494006952
0.43031328947931957
0.423455207154248
0.07589984355967663
-0.29836226235574703
-0.6242390906411833
0.08273635726071593
-0.05536643938296565
-0.31459339263355324
0.284273786915373
0.6203581515761515
0.3544678148399152
0.022642954294343903
0.2944001583480004
0.5122116170861934
0.13669857762331955
-0.41809815901168645
-0.8018792053833836
-0.7626905885301257
-0.21490608859959295
-0.0984309391265244
-0.3832894414222713
-1.0086742617278268
-1.1396007759152962
-0.15375588771290183
0.05629082228455551
-0.6247357795837667
-1.355855869503402
-1.187158284713408
0.1168924257133907
0.7279879044858926
0.058830164400876794
-0.39136805670129443
-0.3110504398176657
-0.017770087079113886
0.2563527217782279
0.10780892744651532
0.2619114024603487
0.5268829939356192
-0.13682502986917955
-0.7193519957890695
-0.8525223730279081
-1.4756804691310605
-1.1820323007368947
0.44669777631672875
1.0703586542064867
0.20951812413889848
-0.23812455404921673
0.31404484382264114
0.766591314703813
0.36420288550321606
-0.22329703030382253
-0.3421539108591205
-0.07215863939561214
0.4449880219417944
0.3414132059121781
-0.2048019831073058
-0.028494048591870352
0.0887352622309606
-0.4440928118012139
-0.7815911226554058
-0.7401742523464105
-0.2773190578951049
0.055307661925844465
-0.16395743159582776
-0.4334981996208491
-0.32879086742839003
0.2190080924471694
0.4763654825409307
-0.12710941422290079
-1.2234072756081957
-1.0955620193713318
0.0956099934934313
0.07935127694775504
-0.38275873895286333
0.03829238293567011
0.20086289258241896
-0.13686241313694303
-0.4516269189706298
-0.3585353462296655
-0.003245808179860532
-0.45439819666319775
-0.5675074605874202
0.06781866392835423
0.0785224642442231
-0.10329774327739391
-0.4932669950590921
-1.7250344171984369
-1.7286961397458072
0.1264597632475054
0.7312759136164104
0.20954545205912392
0.5945241352759524
0.40362066124045815
-0.5697864656179881
-0.3858951388675916
-0.03599776169191823
-0.43147847367419356
-0.37436478640884685
0.3007542893941606
0.8760809882246099
1.1037625634454038
0.4483082503135379
-0.31483412980085024
-0.5209702750115506
-0.8017081357135092
-0.3932030741373098
-0.012583015895145565
-0.5096989526875452
0.1623012459514786
1.2671966935199903
0.9230527400813786
0.340251149282989
0.11068118176616953
0.61936867693938
1.0674249847563502
-0.1058251751956436
-0.9902373225140577
-0.2910706200514913
-0.5573105450489092
-1.60134434208368
-1.883738612462079
-1.5885288135509037
-0.6723014458774276
-0.22609256797746166
-0.7327915392548938
-0.9645149911758152
-0.2825249951186888
-0.2835900998578691
-0.8166194273137144
-0.4026538082201027
0.4005776259764112
0.34421703203902587
-0.4952329422748364
-0.6401481038363431
-0.07773057749194573
0.010257901211763842
-0.3482252251665233
-0.6379680940613371
-0.5312741514508265
0.15515629769501982
0.5331557439721802
0.5708070378884003
0.9397103590802081
0.8212141208786761
-0.01209523466840523
-0.6750239705235407
-0.8591315964352434
-0.31343797934872963
0.4843416813553727
0.1930595643340057
-0.8393641833556669
-0.7749821858296473
0.34292346514736444
0.8737861091323152
1.0667327266393558
1.0737804735592422
0.24301908482233908
0.021421020006676644
0.22681415877421368
-0.10747925401351216
-0.23078849501022433
-0.4392094132625083
-0.321854388088209
-0.10034182018360044
-0.05675223171270807
0.2787936263371393
0.495311710347237
0.85797790773532
0.5881229601075018
0.24329063260881487
0.97322589909029
1.411263161297168
0.7164890561410158
-0.2109132334449157
-0.31869580139995635
0.0420243095903523
-0.9467616460389142
0.27684204480096786
-1.1743181592981957
-1.7585512752541501
0.24998713705831987
-1.2440447291617014
-0.909133744868768
0.2877702369014614
-1.1570062411267816
0.2485887709476885
0.09811688988139938
-1.210645017766079
0.39530113969301967
-0.5172981347796644
-0.22893287205848178
1.317612823655427
-0.669579261218173
0.4024016900238809
1.189882915389266
-1.5397814200539188
-0.8499141667105726
-0.3452759263010555
-0.2029602247445066
-0.39971647260914434
-0.048708851039600265
0.01352881176376013
-0.43416471523408223
0.20340426935165945
1.2060606274671735
1.164121089263419
0.36823671237827704
-0.39038029874576163
-0.5330726194594624
-0.22869277702382446
0.018353534512259642
-0.11789733546708167
-0.3650485908885159
-0.322677391964603
-0.44803204310554084
-0.7402022525143139
-0.9931678320690465
-0.8471190831723426
0.16976412796120083
0.5596514035936235
-0.38739606961566597
-0.08179581538042568
-0.8226991116665826
-0.04639915922394883
1.774570205352013
-0.4625432318955678
0.14686583263086672
0.8316697201649492
-1.4695108774310444
-0.16858050289101523
-0.10074003482438953
-1.1261400225522473
0.7844132109745316
0.06560997380506267
0.14993676178981108
1.491840331189598
0.03304791316601485
0.6901192699162193
0.4235922120551631
-0.9827871324494792
1.000517736157499
0.45413271575783665
0.8805850095159391
0.5725571617795957
0.22051855272619142
0.41977385236209075
0.6902862153633142
1.1123032759906741
1.1617294976949835
0.5880501953817151
0.3797232649017527
0.23483043864289116
-0.7903604480347821
-1.5691462136396384
-1.470676714001399
-0.9050088634546316
-0.06741305945027379
0.5100233463805997
0.5054145667864827
0.5515368456637643
0.7419146871571605
0.20708721064396984
-0.4518758715097426
0.12007660837717637
0.7986095313310715
-0.202096567439924
-0.5634697489435909
0.786187598923873
0.9105542459038946
0.4331871958060739
0.5217338035460258
0.2753668996927121
0.2173112246397244
-0.02164325094947804
-0.20838538746801688
-0.13850813793582295
-0.5914886983865894
0.053502092906642984
1.0526734855716298
0.7461933095931901
0.7337275632401272
1.092390928317071
0.25370280431016895
-0.6281600106479232
-0.49925960903404576
-0.5483523940520216
-0.5796648541246232
-0.35198902330813087
0.0064493245692038015
0.2148629934324774
0.21943485650428063
0.4354425419917101
0.4885210506458064
0.5891875881421097
0.39117927785443785
-0.1102323905388645
-0.0915162460262838
0.19556670087491462
0.5564241631658609
0.6325653090229018
0.34729021441709784
-0.2674124165994838
-0.8112429086822313
-0.7986704860250766
-0.76681857648604
-0.6879480992231208
-0.14982571421058566
0.18929072280074155
-0.6843106618781192
-1.3564749436997559
-0.772080940521626
-0.46150666993782646
0.08573782311099712
1.1463392054153754
0.8475533868560493
-0.056525278339143684
-0.3203990600493136
-0.2445270729234575
-0.02431761475451635
-0.14386041040881914
-0.14283980074857994
0.6178101155492244
0.32969267728251106
-1.0985528923498644
-1.2138270661027328
-0.5193626889896688
-0.121032628149369
0.21483779017654328
-0.01693185340035211
-0.6524467965288067
-0.9011999310929997
-0.5850632758062004
-0.5267883186135993
-0.9213671514576712
-0.4476124795043621
0.4358649254570194
0.3732600774846223
0.09863762455013189
0.05629773648906774
-0.13728392567311243
0.24515052987978603
0.9118376558133117
0.4410779928330788
-0.17527591820304672
0.5239773367235261
0.9538817046308894
0.3296939086276227
-0.012539938906703355
0.19260923132521404
0.2930729937323802
-0.08860184216681838
0.05105442008189112
0.5393777141197214
0.16505945833708816
0.11598276952548296
0.5192400888476985
1.5165044114695674
-0.18701296222870656
0.9920224321215431
0.29925627592524406
-0.7978107117060845
1.606576932484614
0.27796514631806957
-0.28041068740575525
1.4348736016578119
-0.5004748942212071
-0.17509905268644085
-0.056080210292064
-1.9002363896386658
-0.053306420857025194
-0.1583585372147137
-1.209765355409875
0.3414254076372968
-1.0616945355455636
-1.1506739232910608
0.17765141799109074
-1.5174733599385282
-0.3038305608322156
0.6569545687469862
-0.4714773116053377
0.8181053980750425
-0.5687317481790285
-1.6066002111451367
0.9380930242955602
0.4195562896312236
0.09730042480700496
0.1323099997259316
-1.8557217056600646
0.11791462013032186
0.574867234522249
-1.2606771491839783
0.8545759179345016
0.2721650008573701
-0.2962407437879535
1.5744972304745606
-0.12137109255174616
-0.0032798290284045406
0.9663207035789483
-0.38482681495343896
1.166436863154603
1.0910692527337467
-0.7265404463412224
0.6734268609237468
0.023359666517582978
0.2777732868015471
2.3160594766245097
-0.17758941847625254
-0.5063797060203987
0.48500376010586943
-1.2480713287618896
-0.04224258951866955
-0.296670375373259
-1.693875479600722
0.44837276939132004
-0.10854655376056635
-0.2909178880934712
1.6569729082488402
-0.5533681039382786
-0.2067544338579591
1.9504971929890966
0.2881410934824462
0.6534878174990869
0.3272453356766036
-0.7471125310745204
-1.3980955588312876
-1.1801509571724922
-0.8085907497609788
0.03479447185335505
0.24271809163569852
0.24113176422839155
0.6317885846366569
0.8551697778761476
0.8245313756909816
0.5129985808889463
0.5191513586508594
0.19268887694522605
0.13358357863157594
1.061871898735696
1.242996904264131
0.5536560481382733
0.13320664486546235
0.1548668731549077
0.45367680177064623
0.6322031017625855
-0.03661872547823386
-0.6358907318347449
-0.47007075122523195
-0.4248819633096464
-0.6128814201868216
-0.8527716412395793
-0.8445823986909287
-0.6815039032370136
-0.5930520534897094
0.10009649875949875
0.7771236132386625
0.49013337893443193
0.3571651079667032
0.29408822979698535
-0.18512130515897773
0.13302194397747588
0.9933542433811919
1.0278934677776128
0.2328243576110879
-0.16974851569111205
0.31587475138393806
0.5403850172646567
0.11513207544265565
0.2894100019083796
0.9585319813334187
0.4665416204742623
-0.6110860901229701
-0.9828023282499149
-0.8841132534798599
-0.6731347413457114
-0.16296136102620307
-0.0492139066855192
-0.42917313001883073
0.10461173381903455
0.46662169545958093
0.3095911482010325
0.017821539099504236
-1.0018467772340087
-1.2076008029018301
-0.18515971048151453
0.33393480971979916
-0.27768642032101604
-0.7794582812255252
0.07551066358919234
1.1018664197722918
1.2169480542769802
0.852596676419404
0.30361665415385475
-0.07683831890654796
-0.1292632349987593
0.008672425123757349
0.6135549029070981
0.9326597003220441
0.022814103021466803
-0.6140305207132333
-0.5465226946160483
-0.6795720396280479
-1.022528187000178
-0.6197030362996747
0.2618448145519836
-0.12019718551763175
-0.8924507459815152
-0.8417644052369786
-0.6755523903879552
-0.5807549077810084
-0.008543090911876994
0.6180114653425506
0.5433451339339952
-0.6941405331163212
-1.4910270717981917
-0.611427034034062
-0.4648426421688012
-0.49510802843042323
0.5877254109059482
0.7583480498865421
-0.4333288497678284
-0.982115050573787
-0.5403058635027147
-0.5526396821351434
-0.11471411945476084
0.646486020037723
0.5029318751492163
-0.0023572317966642498
-0.5278985759902429
-0.9434357355012232
-1.030974578726388
-0.5339243817632591
0.23769151346930614
0.9885713503070486
0.8777257747104332
-0.05472115364756058
-0.6933019722610106
-0.5488417588587674
0.4894315322332198
0.46055107648030635
-0.4327574112767408
-0.2251140566128641
0.8573026408630614
1.6691516169326175
1.618839154922722
1.4333092576151771
0.9571462657380891
0.2811590737127143
0.29530107080039647
0.5804801454578947
0.7339095700289171
0.08446876950401519
-0.8940658754546305
-0.6412136731106746
-0.11444367717940462
-0.08929594835975237
-0.0972460679978416
-0.2671730755660429
-0.3280442253134163
0.028618181624660483
0.1266005670166574
-0.05319653492527124
0.08313213710184678
0.0777555531780327
-0.5428220787360352
-1.0182199095599602
-0.6312428265863035
0.17604652935994797
0.9225735330231383
0.9854681808684105
0.5091822853478705
0.06450330764744552
-0.5810980551285762
-1.0239067371205288
-0.8885576953393263
-0.30276908549746473
0.33517269041999764