11.765549748663195
11.22434579358443
11.579662802455983
8.904154836189646
9.618044640154308
10.305014551934368
10.237835734375155
11.216867036760652
9.91433552579841
12.408502781657408
11.03153180674917
10.78612120472801
10.455867261945432
11.208288691870017
11.060765652640464
9.825849086199273
10.24451084094938
11.655737867971457
10.11445521575042
12.884930461391402
11.97663899930711
12.860718562514968
13.955151700577911
11.2267346523361
10.923342060942957
9.952010335166193
9.86335115620823
12.304276847035347
11.44925536506095
8.937301242873112
6.468727595464971
9.65721560790234
6.670861023113126
9.985956370364029
6.918684021231447
6.7130802203604825
6.929104830206201
9.753493023558256
9.69465118479841
10.596003527810833
9.786907856519683
9.819652527625124
9.6154044503437
10.36225703615802
9.72516524618873
10.478528185971479
8.99654139545963
8.378527448776785
9.954930922627065
9.227051865227278
9.145716220644267
7.796711351030602
9.876941321831255
7.689094003197747
8.913384886863266
8.168062937844486
9.426344390780827
6.979204689163575
7.7354006576816925
8.85846196273604
7.733660309089805
5.029645442424918
7.7608615404131225
8.206776650870264
7.3644705549009615
5.348531364596573
7.58435423247283
8.17195787488498
8.26749062670263
5.877451300633396
5.252666349274913
4.565003689000644
7.110448003149555
7.955374008749185
5.502395086979469
6.8584064014269295
3.8573028839475967
4.890724862517155
4.202333453425563
5.366893304653779