8.24974759150069
7.470955447071061
8.839035341376443
9.804289547627294
9.464714760873223
8.473259179625762
8.55464259089698
8.857216045678058
9.311134985067254
9.4062803764932
8.461939475935846
8.235543501185456
9.351662346641755
11.785757842040017
8.69310663807667
10.287616274381369
9.63759596235972
9.227914680552558
11.422367414345462
9.68808668700721
10.629430095159224
9.951966405603486
10.351440839144257
26.868180709106937
9.050405184944303
11.097699871980014
11.27684284331497
12.575239463530265
11.59935974808841
9.965164059141923
11.02060344753017
13.139546988433843
-13.405599193585488
10.198519296358173
12.678661118046115
11.183682221257587
9.956599185882343
11.670893549907966
5.621648974580043
12.140100201218619
19.02993125698969
9.815598503194547
10.38602335632457
9.799180080533123
50.76699269625007
11.410052981256893
11.570525366331928
11.521445251158019
10.813186294371665
12.331532859194763
9.6791825113227
12.99811469084845
11.143298103018825
15.586728820583698
10.23702287079486
10.92959138056118
10.136749517738084
10.298192670131971
11.055966744810238
9.735862185126198
9.260157912609483
9.712951458972977
10.193516627179097
9.97880318629585
10.028849158770665
8.953174925981298
8.276761469706663
8.047494451585042
8.518520543656505
8.032126115536554
8.047783758492967
8.416039981063792
9.366972542871423
9.363484061694344
8.92919305586133
9.601489337086763
7.928011379681335
7.617782565205625
6.135803750204211
7.117840446908998
7.531960036551332
8.031829770873491
7.032225517819931
7.402607096407333
6.097994983173416