11.847290117669104
11.193153171562734
6.135940574856585
10.975072459931486
11.433526809815
13.885978662369958
10.584562291702992
7.029737654603976
13.886777583009176
14.269672541417766
12.619666605154796
13.150942278528644
14.007297098464852
14.099809284719537
7.977755451866637
15.468888758734334
12.168868532006261
14.16293877295682
9.461062827346836
13.541463320957902
11.889861584900155
11.71139523032437
13.364268672691836
10.97198603259394
9.480582824137796
14.468703910854273
24.34709113915708
14.678241853384568
16.49098590509575
17.148460621026278
13.716647912070702
11.38392333702645
19.809359762940502
16.46651882431119
14.353654385965502
18.785539848139013
21.33551679885178
17.45047897038104
22.318307357251232
15.654784182212088
19.090522113964926
20.55154419747111
22.023426105049417
19.70669502866755
26.974184911056305
24.909360364377815
16.76778684283779
24.19404413662401
15.244857690933962
20.99630042245773