-1.3832741029932403
-2.6407126531495297
0.21872708036423286
-0.590782360995751
1.6154495786887841
-0.25032841819158735
-0.7700323742877758
-1.8759986693857695
-2.4043825099136367
-0.25190891611815736
0.0968142505841838
1.0247316218836822
-0.286993294463847
-0.5037613654873686
-1.987996035867365
-0.44194028477997593
-2.451660456554241
-2.042785625129893
-1.6436622899299602
-0.7922368713656673
-0.12937958607536643
1.3797177375612641
-0.15311654652795886
0.504325463477304
-0.3288796808822477
-1.860987830496233
-0.2732672135124245
-2.8143620429741967
-0.4520894031024376
0.829759219650771
3.2349506510508976
3.1423777526213774
1.1989711274084272
-1.4582993772050203
-2.1159237839541833
-0.19719390009247173
-1.6266801597076308
-0.7080691137644026
-2.202460294811257
-1.1414945854775949
-0.5874903288964297
0.2634199388670445
-0.502340911070624
1.591307521443827
2.4305336843178442
1.9322529746916257
0.8645620957575073
-1.463758851808101
-0.4132260653292706
-0.24402616569404106
0.9057407021329789
-0.33444486982541843
0.17061948542074037
-2.0237032611566823
-0.85231130211355
-2.253456365083407
-1.1164384543820078
-0.5245134095673922
0.0029162922943877234
-1.3322112822725258
-1.052654140227743
-2.014569627927928
0.7058192072828054
0.5680179344405182
0.8046100807253236
0.37493443191184017
0.6076065325987126
0.3801430200161329
-0.2189549126921887
-3.2253661995450797
-1.9107437181413953
-1.6448357852895161
1.089102340746495
1.2597969763560941
2.1321673122171827
2.1238044745736087
1.5643351150624658
1.3072440504176939
0.3698114479537361
0.6254114510151838
-0.3166081952659014
-0.5360825934788872
0.09275223374774555
-1.1494808448411606
0.7437373072450676
-0.517367853652236
1.7561523245620378
2.11898720897827
0.3165131406962286
1.4091572757737396
-1.5027274381517535
1.1373535382540298
-0.6585286161293064
0.776896263695405
0.06295448572413909
-0.49324588528647817
0.3996926052018683
-0.6110237611071969
2.635332705298037
0.9341090194479472