24.920732860358555
14.473362984628636
27.91096946021009
9.754552880934343
22.884891460841487
31.328952654977282
22.610058886937015
18.74494244628222
1.8205078929168248
-4.841496965451813
21.994311407688105
20.340801683028477
16.174265152900887
13.999723482435746
4.898344322703609
33.166793483311764
15.477804763263453
21.665646646981767
7.0203029978562235
19.109469292590262
29.259590340367602
18.436180752713497
24.392424837090847
10.173373642001271
-0.9602466225848065
22.68236107552881
20.567521554095137
19.277212044778803
20.953320790856953
20.283631570518217
10.055694651219959
-6.88082932749557
2.6701512516877104
15.904531616171404
9.932037863727924
12.282732729294441
6.4827692918984825
2.7727465156235613
1.2396850288716088
1.7078650062289444
10.925795814304069
19.214251612104384
-1.1986472837034974
19.650364270287593
18.89294071087118
-2.2659911162906887
-8.274119284151839
22.82499333356338
12.974438182934774
6.907609629077697